100 285 300
100 25 33
99 77 35
98 90 24
97 55 46
96 51 22
95 34 53
94 40 78
93 98 85
92 6 27
91 58 99
90 35 9
89 36 74
88 27 75
87 45 72
86 35 80
85 39 79
84 60 28
83 61 52
82 11 17
81 28 64
80 93 54
79 22 35
78 31 7
77 67 62
76 72 28
75 44 29
74 22 41
73 40 69
72 50 86
71 47 10
70 24 49
69 76 0
68 98 70
67 57 53
66 26 41
65 88 43
64 90 71
63 14 25
62 34 99
61 28 70
60 6 84
59 85 63
58 11 99
57 18 20
56 65 7
55 64 81
54 35 99
53 56 98
52 96 65
51 19 54
50 98 38
49 93 59
48 82 31
47 91 32
46 24 48
45 90 36
44 94 64
43 33 58
42 22 80
41 26 95
40 8 56
39 19 59
38 65 93
37 51 55
36 60 37
35 75 67
34 28 70
33 20 8
32 56 50
31 54 64
30 93 25
29 47 27
28 37 56
27 87 69
26 67 15
25 31 98
24 77 81
23 66 70
22 31 43
21 42 50
20 29 64
19 11 75
18 11 88
17 96 1
16 69 22
15 39 89
14 89 59
13 93 34
12 0 57
11 62 21
10 80 14
9 58 21
8 95 15
7 13 6
6 35 57
5 75 36
4 18 99
3 56 0
2 83 33
1 4 45
100 22
99 76
99 5
98 8
98 30
97 83
97 75
97 21
95 70
95 46
94 87
94 89
94 85
93 50
93 24
93 64
92 7
92 82
92 63
91 93
91 38
90 71
90 3
90 29
90 100
90 78
90 57
89 73
89 86
89 61
89 88
88 34
87 73
87 89
86 88
86 42
85 89
85 86
84 11
84 36
84 29
84 96
83 32
83 67
83 77
82 57
82 7
81 20
81 43
80 52
80 65
80 14
79 100
79 1
79 63
79 92
78 3
78 33
78 57
77 31
77 67
76 84
76 36
76 5
75 22
75 90
75 100
74 79
73 28
73 61
73 20
72 55
72 87
72 94
71 3
71 96
70 46
70 51
70 43
69 17
68 50
68 64
68 93
67 31
67 32
67 37
66 74
66 46
66 22
66 100
66 79
65 45
65 99
65 5
65 77
64 52
64 44
63 100
63 57
63 82
62 15
62 25
62 4
61 20
61 88
61 81
61 34
60 58
60 18
60 19
60 12
59 77
59 35
58 54
58 4
57 33
57 100
56 69
56 11
56 26
56 3
56 71
55 23
55 31
55 87
54 91
54 53
54 15
54 62
54 4
53 91
53 72
53 15
52 68
52 50
51 74
51 40
50 17
50 80
50 8
50 30
50 65
50 45
49 52
49 80
49 14
49 44
48 98
48 10
48 76
48 99
48 2
47 30
47 2
47 98
47 48
46 74
46 51
45 47
44 52
44 27
44 59
44 14
43 95
43 20
43 73
43 39
43 51
42 88
42 34
42 19
42 18
41 25
41 86
41 42
41 18
39 81
39 51
39 40
39 19
38 93
38 24
38 53
38 55
38 72
37 97
37 73
37 21
37 28
36 83
36 97
36 75
35 77
35 23
35 24
34 81
34 39
34 19
33 7
33 82
32 97
32 37
31 23
31 87
31 37
31 73
30 8
29 96
29 71
29 75
29 36
28 21
28 95
28 43
27 64
27 59
27 35
26 11
26 16
25 15
24 64
24 27
24 55
24 23
23 77
22 95
22 46
21 75
21 22
21 95
19 40
19 12
18 4
18 19
18 58
16 76
16 84
16 11
15 72
15 94
15 85
15 86
15 41
14 59
14 65
14 77
13 30
13 47
13 45
13 50
12 40
12 92
10 8
10 17
10 98
10 76
10 16
10 26
10 69
10 56
9 11
9 56
9 71
9 96
9 84
8 17
7 3
7 78
6 95
6 43
6 28
5 77
5 83
5 36
4 25
4 41
3 69
2 45
2 65
2 99
1 74
1 51
1 40
1 92
1 12
