70 195 300
70 24 49
69 76 0
68 98 70
67 57 53
66 26 41
65 88 43
64 90 71
63 14 25
62 34 99
61 28 70
60 6 84
59 85 63
58 11 99
57 18 20
56 65 7
55 64 81
54 35 99
53 56 98
52 96 65
51 19 54
50 98 38
49 93 59
48 82 31
47 91 32
46 24 48
45 90 36
44 94 64
43 33 58
42 22 80
41 26 95
40 8 56
39 19 59
38 65 93
37 51 55
36 60 37
35 75 67
34 28 70
33 20 8
32 56 50
31 54 64
30 93 25
29 47 27
28 37 56
27 87 69
26 67 15
25 31 98
24 77 81
23 66 70
22 31 43
21 42 50
20 29 64
19 11 75
18 11 88
17 96 1
16 69 22
15 39 89
14 89 59
13 93 34
12 0 57
11 62 21
10 80 14
9 58 21
8 95 15
7 13 6
6 35 57
5 75 36
4 18 99
3 56 0
2 83 33
1 4 45
70 46
69 17
68 50
68 64
68 24
67 31
67 32
67 37
66 29
66 46
66 22
66 1
65 45
65 5
64 52
64 44
63 57
63 66
63 7
63 1
62 15
62 25
62 4
61 20
61 34
61 42
60 58
60 18
60 19
60 12
59 5
59 35
58 54
58 4
57 33
57 66
56 69
56 11
56 26
55 38
55 23
55 31
55 15
54 53
54 15
54 62
54 4
53 38
53 55
52 68
52 50
51 70
51 46
51 40
50 17
50 8
50 30
50 65
50 45
49 52
49 50
49 65
49 14
49 44
48 47
48 30
48 2
48 5
48 16
47 30
45 47
44 52
44 27
44 59
44 14
43 20
43 28
43 39
43 70
43 51
42 34
42 19
42 18
41 25
41 15
41 42
41 18
39 20
39 51
39 40
39 19
38 68
38 24
37 21
37 28
37 31
36 11
36 5
36 32
36 9
36 29
36 21
35 67
35 23
35 24
34 20
34 39
34 19
33 3
32 21
32 37
31 61
31 20
30 8
29 3
29 33
29 57
28 21
28 31
28 20
27 64
27 59
27 35
26 16
26 11
25 15
24 64
24 27
24 55
24 23
23 67
23 31
22 21
22 28
22 29
22 70
22 46
21 29
19 40
19 12
18 4
18 19
18 58
16 5
16 36
16 11
15 53
15 31
15 61
15 42
14 59
14 65
14 5
13 30
13 47
13 45
13 50
12 7
12 40
12 1
10 8
10 17
10 30
10 48
10 16
10 26
10 69
10 56
9 11
9 56
9 3
9 29
8 17
7 3
7 33
7 57
6 43
6 28
6 22
6 70
5 35
5 67
5 32
4 25
4 41
3 69
3 56
2 45
2 47
2 65
2 5
1 46
1 51
1 7
1 40
